0.000000 0.000000 -2.156099 -1.340500 -1.885678 -1.180233
0.031250 0.000000 -1.680246 -1.115156 -1.589872 -1.061779
0.062500 0.000000 -1.369597 -0.974450 -1.345210 -0.962953
0.093750 0.000000 -1.144413 -0.877183 -1.142575 -0.881262
0.125000 0.000000 -0.970150 -0.805718 -0.974061 -0.814397
0.156250 0.000000 -0.829046 -0.751102 -0.832702 -0.760061
0.187500 0.000000 -0.710879 -0.708273 -0.712548 -0.716063
0.218750 0.000000 -0.609253 -0.674123 -0.608762 -0.680468
0.250000 0.000000 -0.519910 -0.646641 -0.517540 -0.651674
0.281250 0.000000 -0.439862 -0.624460 -0.435955 -0.628414
0.312500 0.000000 -0.366925 -0.606618 -0.361768 -0.609716
0.343750 0.000000 -0.299432 -0.592434 -0.293243 -0.594853
0.375000 0.000000 -0.236077 -0.581411 -0.229014 -0.583279
0.406250 0.000000 -0.175790 -0.573188 -0.167978 -0.574607
0.437500 0.000000 -0.117670 -0.567513 -0.109210 -0.568553
0.468750 0.000000 -0.060930 -0.564219 -0.051907 -0.564941
0.500000 0.000000 -0.004844 -0.563211 0.004664 -0.563659
0.531250 0.000000 0.051280 -0.564460 0.061193 -0.564674
0.562500 0.000000 0.108133 -0.568003 0.118375 -0.568015
0.593750 0.000000 0.166442 -0.573939 0.176935 -0.573777
0.625000 0.000000 0.227012 -0.582446 0.237665 -0.582136
0.656250 0.000000 0.290754 -0.593788 0.301473 -0.593357
0.687500 0.000000 0.358758 -0.608333 0.369437 -0.607817
0.718750 0.000000 0.432367 -0.626600 0.442892 -0.626038
0.750000 0.000000 0.513288 -0.649296 0.523517 -0.648727
0.781250 0.000000 0.603779 -0.677414 0.613492 -0.676823
0.812500 0.000000 0.706936 -0.712377 0.715653 -0.711558
0.843750 0.000000 0.827194 -0.756290 0.833690 -0.754493
0.875000 0.000000 0.971249 -0.812410 0.972320 -0.807527
0.906250 0.000000 1.149905 -0.886102 1.137361 -0.872829
0.937500 0.000000 1.382103 -0.986924 1.335672 -0.952691
0.968750 0.000000 1.705252 -1.134005 1.575045 -1.049418
0.998438 0.000000 2.175613 -1.357499 1.848607 -1.159159
0.000000 0.050000 -1.915385 -1.071844 -1.767433 -0.995836
0.031250 0.050000 -1.534079 -0.916490 -1.491183 -0.896503
0.062500 0.050000 -1.270190 -0.813562 -1.263595 -0.814288
0.093750 0.050000 -1.072111 -0.739840 -1.075784 -0.746978
0.125000 0.050000 -0.915246 -0.684385 -0.919834 -0.692359
0.156250 0.050000 -0.786148 -0.641309 -0.788841 -0.648234
0.187500 0.050000 -0.676728 -0.607126 -0.677092 -0.612605
0.218750 0.050000 -0.581758 -0.579632 -0.580068 -0.583789
0.250000 0.050000 -0.497664 -0.557361 -0.494314 -0.560443
0.281250 0.050000 -0.421880 -0.539296 -0.417204 -0.541537
0.312500 0.050000 -0.352505 -0.524714 -0.346739 -0.526295
0.343750 0.050000 -0.288061 -0.513090 -0.281383 -0.514139
0.375000 0.050000 -0.227383 -0.504034 -0.219917 -0.504648
0.406250 0.050000 -0.169508 -0.497272 -0.161352 -0.497516
0.437500 0.050000 -0.113614 -0.492599 -0.104857 -0.492532
0.468750 0.050000 -0.058982 -0.489884 -0.049700 -0.489551
0.500000 0.050000 -0.004952 -0.489053 0.004783 -0.488493
0.531250 0.050000 0.049113 -0.490082 0.059229 -0.489332
0.562500 0.050000 0.103846 -0.493002 0.114275 -0.492088
0.593750 0.050000 0.159914 -0.497889 0.170581 -0.496836
0.625000 0.050000 0.218048 -0.504886 0.228865 -0.503710
0.656250 0.050000 0.279077 -0.514199 0.289949 -0.512914
0.687500 0.050000 0.343985 -0.526118 0.354802 -0.524743
0.718750 0.050000 0.413968 -0.541044 0.424604 -0.539602
0.750000 0.050000 0.490536 -0.559517 0.500855 -0.558050
0.781250 0.050000 0.575654 -0.582291 0.585491 -0.580837
0.812500 0.050000 0.671969 -0.610416 0.681053 -0.608960
0.843750 0.050000 0.783198 -0.645426 0.790895 -0.643721
0.875000 0.050000 0.914801 -0.689625 0.919399 -0.686768
0.906250 0.050000 1.075284 -0.746683 1.072136 -0.740068
0.937500 0.050000 1.278918 -0.822868 1.255883 -0.805799
0.968750 0.050000 1.552115 -0.929936 1.478444 -0.886181
0.998438 0.050000 1.926765 -1.083082 1.733798 -0.978120
0.000000 0.100000 -1.750476 -0.870802 -1.668362 -0.835749
0.031250 0.100000 -1.427458 -0.758212 -1.409085 -0.753179
0.062500 0.100000 -1.194953 -0.680576 -1.196330 -0.685427
0.093750 0.100000 -1.016059 -0.623547 -1.021216 -0.630439
0.125000 0.100000 -0.871969 -0.579910 -0.875801 -0.586102
0.156250 0.100000 -0.751928 -0.545596 -0.753334 -0.550404
0.187500 0.100000 -0.649247 -0.518126 -0.648398 -0.521597
0.218750 0.100000 -0.559490 -0.495886 -0.556816 -0.498265
0.250000 0.100000 -0.479556 -0.477781 -0.475443 -0.479313
0.281250 0.100000 -0.407191 -0.463043 -0.401918 -0.463918
0.312500 0.100000 -0.340691 -0.451112 -0.334451 -0.451463
0.343750 0.100000 -0.278728 -0.441583 -0.271654 -0.441499
0.375000 0.100000 -0.220237 -0.434149 -0.212432 -0.433696
0.406250 0.100000 -0.164336 -0.428589 -0.155889 -0.427817
0.437500 0.100000 -0.110273 -0.424746 -0.101261 -0.423700
0.468750 0.100000 -0.057379 -0.422512 -0.047876 -0.421234
0.500000 0.100000 -0.005042 -0.421828 0.004882 -0.420359
0.531250 0.100000 0.047326 -0.422674 0.057607 -0.421052
0.562500 0.100000 0.100316 -0.425077 0.110887 -0.423333
0.593750 0.100000 0.154541 -0.429097 0.165339 -0.427255
0.625000 0.100000 0.210681 -0.434848 0.221625 -0.432922
0.656250 0.100000 0.269496 -0.442492 0.280494 -0.440492
0.687500 0.100000 0.331888 -0.452263 0.342826 -0.450193
0.718750 0.100000 0.398943 -0.464470 0.409693 -0.462339
0.750000 0.100000 0.472027 -0.479538 0.482434 -0.477369
0.781250 0.100000 0.552886 -0.498040 0.562792 -0.495871
0.812500 0.100000 0.643855 -0.520780 0.653053 -0.518647
0.843750 0.100000 0.748143 -0.548890 0.756257 -0.546755
0.875000 0.100000 0.870374 -0.584059 0.876447 -0.581576
0.906250 0.100000 1.017562 -0.628891 1.018892 -0.624816
0.937500 0.100000 1.201070 -0.687692 1.190194 -0.678469
0.968750 0.100000 1.440977 -0.768179 1.398166 -0.744640
0.998438 0.100000 1.757110 -0.878728 1.637692 -0.820980
0.000000 0.150000 -1.631750 -0.710350 -1.586146 -0.695378
0.031250 0.150000 -1.347383 -0.626411 -1.341497 -0.627532
0.062500 0.150000 -1.136952 -0.566872 -1.141427 -0.572319
0.093750 0.150000 -0.972081 -0.522324 -0.976975 -0.527816
0.125000 0.150000 -0.837592 -0.487798 -0.840235 -0.492084
0.156250 0.150000 -0.724502 -0.460400 -0.724682 -0.463351
0.187500 0.150000 -0.627077 -0.438320 -0.625214 -0.440143
0.218750 0.150000 -0.541435 -0.420354 -0.537980 -0.421304
0.250000 0.150000 -0.464821 -0.405675 -0.460111 -0.405954
0.281250 0.150000 -0.395204 -0.393694 -0.389457 -0.393440
0.312500 0.150000 -0.331031 -0.383974 -0.324396 -0.383281
0.343750 0.150000 -0.271085 -0.376198 -0.263669 -0.375129
0.375000 0.150000 -0.214378 -0.370125 -0.206275 -0.368726
0.406250 0.150000 -0.160096 -0.365580 -0.151384 -0.363890
0.437500 0.150000 -0.107530 -0.362437 -0.098291 -0.360497
0.468750 0.150000 -0.056063 -0.360608 -0.046368 -0.358463
0.500000 0.150000 -0.005116 -0.360049 0.004964 -0.357741
0.531250 0.150000 0.045860 -0.360743 0.056264 -0.358313
0.562500 0.150000 0.097418 -0.362707 0.108090 -0.360194
0.593750 0.150000 0.150134 -0.365996 0.161015 -0.363427
0.625000 0.150000 0.204640 -0.370697 0.215665 -0.368091
0.656250 0.150000 0.261650 -0.376942 0.272732 -0.374305
0.687500 0.150000 0.321997 -0.384912 0.333027 -0.382244
0.718750 0.150000 0.386687 -0.394855 0.397528 -0.392155
0.750000 0.150000 0.456968 -0.407102 0.467462 -0.404374
0.781250 0.150000 0.534436 -0.422098 0.544399 -0.419368
0.812500 0.150000 0.621185 -0.440458 0.630423 -0.437765
0.843750 0.150000 0.720068 -0.463039 0.728302 -0.460415
0.875000 0.150000 0.835123 -0.491096 0.841765 -0.488439
0.906250 0.150000 0.972344 -0.526527 0.975753 -0.523280
0.937500 0.150000 1.141193 -0.572384 1.136626 -0.566672
0.968750 0.150000 1.357807 -0.633958 1.332142 -0.620548
0.998438 0.150000 1.635354 -0.716148 1.558030 -0.683203
0.000000 0.200000 -1.543943 -0.576175 -1.518811 -0.570832
0.031250 0.200000 -1.286374 -0.512815 -1.286573 -0.515932
0.062500 0.200000 -1.091909 -0.466943 -1.097132 -0.471568
0.093750 0.200000 -0.937478 -0.432148 -0.941445 -0.435991
0.125000 0.200000 -0.810290 -0.404921 -0.811724 -0.407489
0.156250 0.200000 -0.702572 -0.383166 -0.701699 -0.384570
0.187500 0.200000 -0.609262 -0.365542 -0.606578 -0.366026
0.218750 0.200000 -0.526874 -0.351151 -0.522796 -0.350930
0.250000 0.200000 -0.452905 -0.339361 -0.447707 -0.338591
0.281250 0.200000 -0.385490 -0.329717 -0.379341 -0.328498
0.312500 0.200000 -0.323192 -0.321881 -0.316210 -0.320278
0.343750 0.200000 -0.264874 -0.315605 -0.257150 -0.313659
0.375000 0.200000 -0.209614 -0.310700 -0.201231 -0.308448
0.406250 0.200000 -0.156643 -0.307026 -0.147686 -0.304504
0.437500 0.200000 -0.105298 -0.304484 -0.095850 -0.301732
0.468750 0.200000 -0.054990 -0.303007 -0.045128 -0.300069
0.500000 0.200000 -0.005175 -0.302553 0.005031 -0.299477
0.531250 0.200000 0.044665 -0.303115 0.055161 -0.299947
0.562500 0.200000 0.095058 -0.304704 0.105790 -0.301484
0.593750 0.200000 0.146547 -0.307363 0.157468 -0.304126
0.625000 0.200000 0.199730 -0.311161 0.210784 -0.307930
0.656250 0.200000 0.255274 -0.316206 0.266391 -0.312989
0.687500 0.200000 0.313970 -0.322637 0.325044 -0.319435
0.718750 0.200000 0.376754 -0.330651 0.387652 -0.327460
0.750000 0.200000 0.444794 -0.340508 0.455344 -0.337318
0.781250 0.200000 0.519561 -0.352552 0.529567 -0.349376
0.812500 0.200000 0.602978 -0.367252 0.612227 -0.364122
0.843750 0.200000 0.697637 -0.385267 0.705875 -0.382226
0.875000 0.200000 0.807151 -0.407531 0.813962 -0.404584
0.906250 0.200000 0.936806 -0.435447 0.941119 -0.432369
0.937500 0.200000 1.094771 -0.471220 1.093437 -0.467046
0.968750 0.200000 1.294598 -0.518575 1.278542 -0.510305
0.998438 0.200000 1.545500 -0.580493 1.492866 -0.560952
0.000000 0.250000 -1.478372 -0.459808 -1.464664 -0.458804
0.031250 0.250000 -1.239826 -0.412097 -1.242715 -0.415319
0.062500 0.250000 -1.057054 -0.377033 -1.061950 -0.380378
0.093750 0.250000 -0.910438 -0.350165 -0.913307 -0.352453
0.125000 0.250000 -0.788807 -0.328988 -0.789151 -0.330102
0.156250 0.250000 -0.685228 -0.311978 -0.683478 -0.312113
0.187500 0.250000 -0.595118 -0.298148 -0.591770 -0.297527
0.218750 0.250000 -0.515281 -0.286821 -0.510691 -0.285619
0.250000 0.250000 -0.443399 -0.277524 -0.437785 -0.275855
0.281250 0.250000 -0.377728 -0.269906 -0.371225 -0.267845
0.312500 0.250000 -0.316921 -0.263711 -0.309620 -0.261302
0.343750 0.250000 -0.259902 -0.258743 -0.251887 -0.256019
0.375000 0.250000 -0.205798 -0.254858 -0.197152 -0.251851
0.406250 0.250000 -0.153877 -0.251950 -0.144691 -0.248690
0.437500 0.250000 -0.103509 -0.249935 -0.093870 -0.246465
0.468750 0.250000 -0.054130 -0.248764 -0.044122 -0.245128
0.500000 0.250000 -0.005224 -0.248404 0.005087 -0.244652
0.531250 0.250000 0.043709 -0.248848 0.054265 -0.245029
0.562500 0.250000 0.093166 -0.250108 0.103923 -0.246265
0.593750 0.250000 0.143672 -0.252216 0.154593 -0.248386
0.625000 0.250000 0.195795 -0.255226 0.206834 -0.251437
0.656250 0.250000 0.250173 -0.259218 0.261270 -0.255485
0.687500 0.250000 0.307550 -0.264308 0.318616 -0.260631
0.718750 0.250000 0.368822 -0.270644 0.379724 -0.267019
0.750000 0.250000 0.435083 -0.278428 0.445649 -0.274847
0.781250 0.250000 0.507721 -0.287924 0.517738 -0.284391
0.812500 0.250000 0.588530 -0.299491 0.597762 -0.296026
0.843750 0.250000 0.679903 -0.313625 0.688091 -0.310271
0.875000 0.250000 0.785155 -0.331022 0.791948 -0.327823
0.906250 0.250000 0.909061 -0.352721 0.913694 -0.349612
0.937500 0.250000 1.058895 -0.380320 1.059151 -0.376825
0.968750 0.250000 1.246462 -0.416471 1.235767 -0.410879
0.998438 0.250000 1.478506 -0.463028 1.440527 -0.450958
0.000000 0.300000 -1.429776 -0.355788 -1.422270 -0.356467
0.031250 0.300000 -1.204787 -0.320591 -1.208569 -0.323132
0.062500 0.300000 -1.030540 -0.294440 -1.034665 -0.296456
0.093750 0.300000 -0.889720 -0.274248 -0.891518 -0.275182
0.125000 0.300000 -0.772259 -0.258250 -0.771665 -0.258158
0.156250 0.300000 -0.671818 -0.245351 -0.669339 -0.244436
0.187500 0.300000 -0.584152 -0.234833 -0.580248 -0.233289
0.218750 0.300000 -0.506275 -0.226202 -0.501248 -0.224165
0.250000 0.300000 -0.436003 -0.219107 -0.430024 -0.216662
0.281250 0.300000 -0.371684 -0.213286 -0.364856 -0.210490
0.312500 0.300000 -0.312032 -0.208548 -0.304436 -0.205436
0.343750 0.300000 -0.256023 -0.204748 -0.247736 -0.201346
0.375000 0.300000 -0.202819 -0.201775 -0.193930 -0.198113
0.406250 0.300000 -0.151717 -0.199546 -0.142321 -0.195656
0.437500 0.300000 -0.102110 -0.198004 -0.092300 -0.193927
0.468750 0.300000 -0.053458 -0.197105 -0.043322 -0.192884
0.500000 0.300000 -0.005261 -0.196832 0.005130 -0.192515
0.531250 0.300000 0.042961 -0.197172 0.053554 -0.192809
0.562500 0.300000 0.091690 -0.198137 0.102445 -0.193772
0.593750 0.300000 0.141430 -0.199750 0.152316 -0.195421
0.625000 0.300000 0.192724 -0.202055 0.203713 -0.197791
0.656250 0.300000 0.246191 -0.205112 0.257233 -0.200932
0.687500 0.300000 0.302546 -0.209007 0.313558 -0.204917
0.718750 0.300000 0.362642 -0.213851 0.373502 -0.209853
0.750000 0.300000 0.427529 -0.219798 0.438061 -0.215887
0.781250 0.300000 0.498524 -0.227043 0.508505 -0.223222
0.812500 0.300000 0.577328 -0.235856 0.586505 -0.232141
0.843750 0.300000 0.666196 -0.246602 0.674287 -0.243031
0.875000 0.300000 0.768218 -0.259790 0.774893 -0.256421
0.906250 0.300000 0.887818 -0.276174 0.892460 -0.273019
0.937500 0.300000 1.031630 -0.296901 1.032568 -0.293747
0.968750 0.300000 1.210277 -0.323836 1.202486 -0.319736
0.998438 0.300000 1.428907 -0.358146 1.399590 -0.350438
0.000000 0.350000 -1.394840 -0.260325 -1.390458 -0.261403
0.031250 0.350000 -1.179313 -0.235613 -1.183055 -0.237215
0.062500 0.350000 -1.011119 -0.217109 -1.014331 -0.217913
0.093750 0.350000 -0.874463 -0.202745 -0.875291 -0.202538
0.125000 0.350000 -0.760027 -0.191322 -0.758632 -0.190231
0.156250 0.350000 -0.661878 -0.182086 -0.658780 -0.180299
0.187500 0.350000 -0.576007 -0.174539 -0.571626 -0.172213
0.218750 0.350000 -0.499576 -0.168338 -0.494161 -0.165582
0.250000 0.350000 -0.430495 -0.163233 -0.424186 -0.160119
0.281250 0.350000 -0.367177 -0.159044 -0.360054 -0.155614
0.312500 0.350000 -0.308385 -0.155632 -0.300519 -0.151916
0.343750 0.350000 -0.253129 -0.152894 -0.244595 -0.148919
0.375000 0.350000 -0.200596 -0.150750 -0.191486 -0.146545
0.406250 0.350000 -0.150106 -0.149144 -0.140521 -0.144740
0.437500 0.350000 -0.101068 -0.148030 -0.091109 -0.143467
0.468750 0.350000 -0.052958 -0.147384 -0.042716 -0.142700
0.500000 0.350000 -0.005290 -0.147186 0.005162 -0.142429
0.531250 0.350000 0.042403 -0.147431 0.053012 -0.142645
0.562500 0.350000 0.090589 -0.148127 0.101322 -0.143354
0.593750 0.350000 0.139756 -0.149290 0.150590 -0.144567
0.625000 0.350000 0.190433 -0.150952 0.201346 -0.146308
0.656250 0.350000 0.243221 -0.153155 0.254174 -0.148613
0.687500 0.350000 0.298814 -0.155961 0.309735 -0.151535
0.718750 0.350000 0.358036 -0.159451 0.368809 -0.155147
0.750000 0.350000 0.421904 -0.163732 0.432351 -0.159552
0.781250 0.350000 0.491684 -0.168943 0.501577 -0.164896
0.812500 0.350000 0.569011 -0.175273 0.578077 -0.171380
0.843750 0.350000 0.656039 -0.182981 0.663979 -0.179280
0.875000 0.350000 0.755705 -0.192424 0.762178 -0.188975
0.906250 0.350000 0.872181 -0.204118 0.876643 -0.200975
0.937500 0.350000 1.011672 -0.218855 1.012761 -0.215955
0.968750 0.350000 1.183997 -0.237901 1.177628 -0.234754
0.998438 0.350000 1.393279 -0.261972 1.368896 -0.257022
0.000000 0.400000 -1.371463 -0.170600 -1.368317 -0.171524
0.031250 0.400000 -1.162136 -0.155083 -1.165351 -0.155736
0.062500 0.400000 -0.997956 -0.143402 -1.000244 -0.143163
0.093750 0.400000 -0.864085 -0.134305 -0.864050 -0.133153
0.125000 0.400000 -0.751684 -0.127049 -0.749596 -0.125138
0.156250 0.400000 -0.655085 -0.121174 -0.651451 -0.118663
0.187500 0.400000 -0.570433 -0.116366 -0.565628 -0.113384
0.218750 0.400000 -0.494986 -0.112414 -0.489224 -0.109046
0.250000 0.400000 -0.426717 -0.109156 -0.420109 -0.105466
0.281250 0.400000 -0.364086 -0.106481 -0.356695 -0.102510
0.312500 0.400000 -0.305883 -0.104301 -0.297774 -0.100080
0.343750 0.400000 -0.251141 -0.102551 -0.242390 -0.098109
0.375000 0.400000 -0.199069 -0.101182 -0.189769 -0.096545
0.406250 0.400000 -0.148999 -0.100156 -0.139255 -0.095355
0.437500 0.400000 -0.100352 -0.099445 -0.090270 -0.094514
0.468750 0.400000 -0.052614 -0.099031 -0.042287 -0.094009
0.500000 0.400000 -0.005308 -0.098905 0.005186 -0.093829
0.531250 0.400000 0.042019 -0.099061 0.052632 -0.093973
0.562500 0.400000 0.089831 -0.099506 0.100530 -0.094439
0.593750 0.400000 0.138605 -0.100249 0.149373 -0.095240
0.625000 0.400000 0.188860 -0.101311 0.199683 -0.096388
0.656250 0.400000 0.241184 -0.102719 0.252029 -0.097907
0.687500 0.400000 0.296253 -0.104512 0.307057 -0.099830
0.718750 0.400000 0.354877 -0.106740 0.365526 -0.102204
0.750000 0.400000 0.418046 -0.109472 0.428364 -0.105095
0.781250 0.400000 0.486999 -0.112799 0.496748 -0.108598
0.812500 0.400000 0.563319 -0.116834 0.572215 -0.112838
0.843750 0.400000 0.649098 -0.121745 0.656818 -0.117997
0.875000 0.400000 0.747171 -0.127750 0.753361 -0.124319
0.906250 0.400000 0.861547 -0.135176 0.865687 -0.132136
0.937500 0.400000 0.998152 -0.144508 0.999040 -0.141889
0.968750 0.400000 1.166288 -0.156523 1.160384 -0.154134
0.998438 0.400000 1.369452 -0.171632 1.347545 -0.168662
0.000000 0.450000 -1.358359 -0.084371 -1.355200 -0.084978
0.031250 0.450000 -1.152463 -0.077288 -1.154884 -0.077105
0.062500 0.450000 -0.990517 -0.071944 -0.991921 -0.070839
0.093750 0.450000 -0.858206 -0.067772 -0.857408 -0.065853
0.125000 0.450000 -0.746950 -0.064440 -0.744253 -0.061859
0.156250 0.450000 -0.651226 -0.061738 -0.647111 -0.058630
0.187500 0.450000 -0.567265 -0.059528 -0.562073 -0.055994
0.218750 0.450000 -0.492376 -0.057706 -0.486293 -0.053827
0.250000 0.450000 -0.424568 -0.056207 -0.417686 -0.052036
0.281250 0.450000 -0.362326 -0.054976 -0.354697 -0.050557
0.312500 0.450000 -0.304459 -0.053971 -0.296138 -0.049340
0.343750 0.450000 -0.250011 -0.053165 -0.241076 -0.048350
0.375000 0.450000 -0.198200 -0.052533 -0.188744 -0.047565
0.406250 0.450000 -0.148369 -0.052061 -0.138499 -0.046969
0.437500 0.450000 -0.099943 -0.051732 -0.089770 -0.046546
0.468750 0.450000 -0.052418 -0.051543 -0.042034 -0.046292
0.500000 0.450000 -0.005319 -0.051484 0.005200 -0.046202
0.531250 0.450000 0.041801 -0.051556 0.052405 -0.046274
0.562500 0.450000 0.089401 -0.051761 0.100058 -0.046508
0.593750 0.450000 0.137950 -0.052105 0.148648 -0.046912
0.625000 0.450000 0.187965 -0.052592 0.198691 -0.047488
0.656250 0.450000 0.240023 -0.053242 0.250749 -0.048249
0.687500 0.450000 0.294795 -0.054068 0.305460 -0.049214
0.718750 0.450000 0.353079 -0.055094 0.363571 -0.050404
0.750000 0.450000 0.415852 -0.056353 0.425993 -0.051851
0.781250 0.450000 0.484333 -0.057884 0.493882 -0.053602
0.812500 0.450000 0.560084 -0.059742 0.568739 -0.055723
0.843750 0.450000 0.645156 -0.062001 0.652579 -0.058298
0.875000 0.450000 0.742331 -0.064762 0.748147 -0.061450
0.906250 0.450000 0.855526 -0.068171 0.859212 -0.065345
0.937500 0.450000 0.990513 -0.072450 0.990932 -0.070204
0.968750 0.450000 1.156318 -0.077947 1.150187 -0.076306
0.998438 0.450000 1.356100 -0.084841 1.334898 -0.083551
0.000000 0.500000 -1.354847 0.000292 -1.350716 -0.000083
0.031250 0.500000 -1.149865 -0.000731 -1.151309 0.000126
0.062500 0.500000 -0.988517 -0.001501 -0.989080 0.000290
0.093750 0.500000 -0.856624 -0.002104 -0.855142 0.000421
0.125000 0.500000 -0.745675 -0.002585 -0.742428 0.000527
0.156250 0.500000 -0.650185 -0.002975 -0.645629 0.000612
0.187500 0.500000 -0.566410 -0.003294 -0.560858 0.000680
0.218750 0.500000 -0.491670 -0.003557 -0.485291 0.000738
0.250000 0.500000 -0.423988 -0.003775 -0.416857 0.000785
0.281250 0.500000 -0.361852 -0.003953 -0.354011 0.000824
0.312500 0.500000 -0.304074 -0.004097 -0.295578 0.000857
0.343750 0.500000 -0.249705 -0.004214 -0.240624 0.000882
0.375000 0.500000 -0.197966 -0.004306 -0.188393 0.000904
0.406250 0.500000 -0.148198 -0.004374 -0.138240 0.000920
0.437500 0.500000 -0.099833 -0.004421 -0.089597 0.000931
0.468750 0.500000 -0.052364 -0.004448 -0.041945 0.000938
0.500000 0.500000 -0.005323 -0.004457 0.005204 0.000940
0.531250 0.500000 0.041742 -0.004446 0.052326 0.000938
0.562500 0.500000 0.089284 -0.004417 0.099896 0.000931
0.593750 0.500000 0.137772 -0.004367 0.148399 0.000922
0.625000 0.500000 0.187722 -0.004297 0.198349 0.000905
0.656250 0.500000 0.239710 -0.004203 0.250310 0.000886
0.687500 0.500000 0.294401 -0.004084 0.304913 0.000860
0.718750 0.500000 0.352595 -0.003935 0.362902 0.000828
0.750000 0.500000 0.415260 -0.003753 0.425183 0.000790
0.781250 0.500000 0.483615 -0.003532 0.492901 0.000743
0.812500 0.500000 0.559211 -0.003263 0.567551 0.000688
0.843750 0.500000 0.644094 -0.002938 0.651132 0.000621
0.875000 0.500000 0.741028 -0.002538 0.746368 0.000538
0.906250 0.500000 0.853906 -0.002047 0.857003 0.000436
0.937500 0.500000 0.988461 -0.001427 0.988166 0.000308
0.968750 0.500000 1.153642 -0.000635 1.146708 0.000146
0.998438 0.500000 1.352524 0.000358 1.330578 -0.000045
0.000000 0.550000 -1.360753 0.085178 -1.354736 0.084771
0.031250 0.550000 -1.154232 0.076007 -1.154513 0.077317
0.062500 0.550000 -0.991879 0.069088 -0.991627 0.071388
0.093750 0.550000 -0.859282 0.063689 -0.857174 0.066668
0.125000 0.550000 -0.747819 0.059378 -0.744064 0.062888
0.156250 0.550000 -0.651933 0.055886 -0.646958 0.059832
0.187500 0.550000 -0.567844 0.053026 -0.561947 0.057337
0.218750 0.550000 -0.492854 0.050672 -0.486189 0.055287
0.250000 0.550000 -0.424964 0.048733 -0.417600 0.053591
0.281250 0.550000 -0.362650 0.047140 -0.354625 0.052191
0.312500 0.550000 -0.304720 0.045842 -0.296080 0.051039
0.343750 0.550000 -0.250218 0.044800 -0.241029 0.050103
0.375000 0.550000 -0.198360 0.043985 -0.188708 0.049360
0.406250 0.550000 -0.148484 0.043373 -0.138472 0.048794
0.437500 0.550000 -0.100019 0.042948 -0.089752 0.048395
0.468750 0.550000 -0.052454 0.042703 -0.042025 0.048154
0.500000 0.550000 -0.005317 0.042628 0.005200 0.048069
0.531250 0.550000 0.041841 0.042721 0.052396 0.048136
0.562500 0.550000 0.089480 0.042986 0.100040 0.048359
0.593750 0.550000 0.138071 0.043429 0.148622 0.048739
0.625000 0.550000 0.188129 0.044060 0.198655 0.049286
0.656250 0.550000 0.240235 0.044899 0.250704 0.050008
0.687500 0.550000 0.295061 0.045968 0.305404 0.050920
0.718750 0.550000 0.353410 0.047295 0.363503 0.052045
0.750000 0.550000 0.416255 0.048922 0.425911 0.053417
0.781250 0.550000 0.484823 0.050902 0.493780 0.055075
0.812500 0.550000 0.560678 0.053303 0.568616 0.057080
0.843750 0.550000 0.645880 0.056225 0.652430 0.059519
0.875000 0.550000 0.743218 0.059796 0.747963 0.062501
0.906250 0.550000 0.856629 0.064206 0.858983 0.066190
0.937500 0.550000 0.991912 0.069743 0.990646 0.070787
0.968750 0.550000 1.158142 0.076858 1.149827 0.076561
0.998438 0.550000 1.358539 0.085786 1.334452 0.083419
0.000000 0.600000 -1.376374 0.172102 -1.367377 0.171184
0.031250 0.600000 -1.165752 0.154345 -1.164600 0.155839
0.062500 0.600000 -1.000732 0.140996 -0.999646 0.143617
0.093750 0.600000 -0.866275 0.130603 -0.863573 0.133888
0.125000 0.600000 -0.753448 0.122323 -0.749212 0.126095
0.156250 0.600000 -0.656521 0.115618 -0.651139 0.119803
0.187500 0.600000 -0.571612 0.110133 -0.565373 0.114669
0.218750 0.600000 -0.495958 0.105622 -0.489013 0.110453
0.250000 0.600000 -0.427518 0.101909 -0.419935 0.106972
0.281250 0.600000 -0.364741 0.098858 -0.356553 0.104098
0.312500 0.600000 -0.306412 0.096374 -0.297657 0.101736
0.343750 0.600000 -0.251563 0.094379 -0.242296 0.099817
0.375000 0.600000 -0.199393 0.092817 -0.189697 0.098298
0.406250 0.600000 -0.149233 0.091647 -0.139201 0.097141
0.437500 0.600000 -0.100503 0.090837 -0.090234 0.096323
0.468750 0.600000 -0.052686 0.090365 -0.042269 0.095832
0.500000 0.600000 -0.005305 0.090220 0.005188 0.095657
0.531250 0.600000 0.042100 0.090400 0.052616 0.095796
0.562500 0.600000 0.089991 0.090905 0.100496 0.096250
0.593750 0.600000 0.138848 0.091753 0.149321 0.097029
0.625000 0.600000 0.189194 0.092965 0.199613 0.098145
0.656250 0.600000 0.241616 0.094570 0.251937 0.099623
0.687500 0.600000 0.296795 0.096613 0.306941 0.101493
0.718750 0.600000 0.355547 0.099155 0.365386 0.103801
0.750000 0.600000 0.418864 0.102271 0.428195 0.106612
0.781250 0.600000 0.487991 0.106063 0.496543 0.110016
0.812500 0.600000 0.564523 0.110668 0.571964 0.114140
0.843750 0.600000 0.650565 0.116267 0.656514 0.119155
0.875000 0.600000 0.748975 0.123122 0.752987 0.125300
0.906250 0.600000 0.863793 0.131598 0.865222 0.132898
0.937500 0.600000 1.001003 0.142258 0.998456 0.142378
0.968750 0.600000 1.170016 0.155993 1.159652 0.154280
0.998438 0.600000 1.374457 0.173282 1.346638 0.168403
0.000000 0.650000 -1.402529 0.263050 -1.389013 0.260836
0.031250 0.650000 -1.184940 0.235829 -1.181898 0.237121
0.062500 0.650000 -1.015420 0.215480 -1.013409 0.218201
0.093750 0.650000 -0.877847 0.199705 -0.874555 0.203130
0.125000 0.650000 -0.762743 0.187168 -0.758041 0.191065
0.156250 0.650000 -0.664087 0.177037 -0.658301 0.181328
0.187500 0.650000 -0.577818 0.168764 -0.571234 0.173403
0.218750 0.650000 -0.501066 0.161968 -0.493839 0.166900
0.250000 0.650000 -0.431721 0.156375 -0.423920 0.161541
0.281250 0.650000 -0.368181 0.151785 -0.359836 0.157124
0.312500 0.650000 -0.309197 0.148048 -0.300339 0.153497
0.343750 0.650000 -0.253773 0.145048 -0.244451 0.150557
0.375000 0.650000 -0.201091 0.142700 -0.191374 0.148228
0.406250 0.650000 -0.150464 0.140942 -0.140438 0.146459
0.437500 0.650000 -0.101300 0.139723 -0.091055 0.145210
0.468750 0.650000 -0.053069 0.139014 -0.042687 0.144457
0.500000 0.650000 -0.005283 0.138798 0.005164 0.144191
0.531250 0.650000 0.042527 0.139066 0.052988 0.144401
0.562500 0.650000 0.090833 0.139828 0.101270 0.145098
0.593750 0.650000 0.140128 0.141102 0.150511 0.146288
0.625000 0.650000 0.190944 0.142922 0.201238 0.147996
0.656250 0.650000 0.243884 0.145336 0.254036 0.150259
0.687500 0.650000 0.299644 0.148408 0.309560 0.153124
0.718750 0.650000 0.359062 0.152231 0.368595 0.156667
0.750000 0.650000 0.423157 0.156920 0.432092 0.160987
0.781250 0.650000 0.493207 0.162630 0.501262 0.166228
0.812500 0.650000 0.570861 0.169569 0.577694 0.172586
0.843750 0.650000 0.658296 0.178020 0.663511 0.180329
0.875000 0.650000 0.758484 0.188375 0.761602 0.189833
0.906250 0.650000 0.875650 0.201211 0.875925 0.201598
0.937500 0.650000 1.016091 0.217400 1.011863 0.216283
0.968750 0.650000 1.189800 0.238347 1.176500 0.234711
0.998438 0.650000 1.401118 0.264866 1.367501 0.256541
0.000000 0.700000 -1.440688 0.360385 -1.420277 0.355567
0.031250 0.700000 -1.212692 0.322245 -1.206967 0.322753
0.062500 0.700000 -1.036543 0.293976 -1.033387 0.296500
0.093750 0.700000 -0.894422 0.272187 -0.890500 0.275562
0.125000 0.700000 -0.776021 0.254945 -0.770846 0.258809
0.156250 0.700000 -0.674870 0.241052 -0.668677 0.245306
0.187500 0.700000 -0.586651 0.229734 -0.579708 0.234333
0.218750 0.700000 -0.508329 0.220448 -0.500803 0.225351
0.250000 0.700000 -0.437690 0.212818 -0.429658 0.217964
0.281250 0.700000 -0.373063 0.206559 -0.364556 0.211887
0.312500 0.700000 -0.313148 0.201467 -0.304191 0.206910
0.343750 0.700000 -0.256909 0.197383 -0.247540 0.202882
0.375000 0.700000 -0.203499 0.194188 -0.193777 0.199696
0.406250 0.700000 -0.152210 0.191792 -0.142209 0.197276
0.437500 0.700000 -0.102431 0.190134 -0.092227 0.195572
0.468750 0.700000 -0.053611 0.189171 -0.043285 0.194546
0.500000 0.700000 -0.005252 0.188876 0.005132 0.194182
0.531250 0.700000 0.043132 0.189241 0.053519 0.194470
0.562500 0.700000 0.092029 0.190278 0.102375 0.195419
0.593750 0.700000 0.141943 0.192011 0.152210 0.197044
0.625000 0.700000 0.193426 0.194488 0.203566 0.199379
0.656250 0.700000 0.247100 0.197773 0.257042 0.202473
0.687500 0.700000 0.303689 0.201958 0.313319 0.206399
0.718750 0.700000 0.364052 0.207167 0.373208 0.211259
0.750000 0.700000 0.429251 0.213561 0.437704 0.217201
0.781250 0.700000 0.500621 0.221353 0.508072 0.224422
0.812500 0.700000 0.579881 0.230834 0.585976 0.233203
0.843750 0.700000 0.669316 0.242399 0.673641 0.243922
0.875000 0.700000 0.772069 0.256604 0.774094 0.257099
0.906250 0.700000 0.892638 0.274266 0.891464 0.273434
0.937500 0.700000 1.037803 0.296635 1.031324 0.293834
0.968750 0.700000 1.218440 0.325757 1.200926 0.319412
0.998438 0.700000 1.440040 0.362943 1.397668 0.349632
0.000000 0.750000 -1.493210 0.467123 -1.462066 0.457448
0.031250 0.750000 -1.250431 0.415800 -1.240618 0.414547
0.062500 0.750000 -1.065031 0.378209 -1.060272 0.380083
0.093750 0.750000 -0.916648 0.349468 -0.911966 0.352543
0.125000 0.750000 -0.793751 0.326855 -0.788076 0.330502
0.156250 0.750000 -0.689227 0.308713 -0.682609 0.312759
0.187500 0.750000 -0.598383 0.293972 -0.591062 0.298372
0.218750 0.750000 -0.517961 0.281911 -0.510111 0.286625
0.250000 0.750000 -0.445597 0.272012 -0.437310 0.276993
0.281250 0.750000 -0.379525 0.263905 -0.370836 0.269087
0.312500 0.750000 -0.318371 0.257314 -0.309303 0.262629
0.343750 0.750000 -0.261052 0.252031 -0.251633 0.257414
0.375000 0.750000 -0.206681 0.247900 -0.196956 0.253300
0.406250 0.750000 -0.154517 0.244805 -0.144547 0.250178
0.437500 0.750000 -0.103923 0.242662 -0.093775 0.247981
0.468750 0.750000 -0.054329 0.241416 -0.044073 0.246661
0.500000 0.750000 -0.005213 0.241034 0.005089 0.246191
0.531250 0.750000 0.043931 0.241508 0.054221 0.246564
0.562500 0.750000 0.093605 0.242847 0.103833 0.247784
0.593750 0.750000 0.144338 0.245088 0.154454 0.249878
0.625000 0.750000 0.196706 0.248288 0.206644 0.252889
0.656250 0.750000 0.251354 0.252536 0.261025 0.256887
0.687500 0.750000 0.309037 0.257951 0.318308 0.261967
0.718750 0.750000 0.370656 0.264692 0.379345 0.268272
0.750000 0.750000 0.437328 0.272975 0.445185 0.275998
0.781250 0.750000 0.510457 0.283084 0.517172 0.285413
0.812500 0.750000 0.591863 0.295403 0.597071 0.296892
0.843750 0.750000 0.683991 0.310466 0.687244 0.310943
0.875000 0.750000 0.790216 0.329026 0.790898 0.328253
0.906250 0.750000 0.915431 0.352201 0.912388 0.349742
0.937500 0.750000 1.067103 0.381730 1.057516 0.376580
0.968750 0.750000 1.257424 0.420496 1.233724 0.410168
0.998438 0.750000 1.493656 0.470594 1.438018 0.449707
0.000000 0.800000 -1.563813 0.587394 -1.515539 0.568883
0.031250 0.800000 -1.300311 0.519381 -1.283917 0.514640
0.062500 0.800000 -1.102264 0.470367 -1.094996 0.470822
0.093750 0.800000 -0.945466 0.433303 -0.939735 0.435692
0.125000 0.800000 -0.816613 0.404365 -0.810351 0.407551
0.156250 0.800000 -0.707663 0.381276 -0.700592 0.384921
0.187500 0.800000 -0.613404 0.362596 -0.605680 0.366608
0.218750 0.800000 -0.530264 0.347355 -0.522063 0.351698
0.250000 0.800000 -0.455683 0.334876 -0.447106 0.339509
0.281250 0.800000 -0.387754 0.324671 -0.378851 0.329537
0.312500 0.800000 -0.325021 0.316384 -0.315812 0.321413
0.343750 0.800000 -0.266323 0.309749 -0.256831 0.314872
0.375000 0.800000 -0.210726 0.304564 -0.200986 0.309721
0.406250 0.800000 -0.157450 0.300681 -0.147506 0.305824
0.437500 0.800000 -0.105818 0.297994 -0.095731 0.303082
0.468750 0.800000 -0.055240 0.296431 -0.045068 0.301437
0.500000 0.800000 -0.005162 0.295954 0.005035 0.300852
0.531250 0.800000 0.044944 0.296546 0.055107 0.301316
0.562500 0.800000 0.095609 0.298226 0.105678 0.302837
0.593750 0.800000 0.147384 0.301036 0.157295 0.305449
0.625000 0.800000 0.200875 0.305051 0.210546 0.309209
0.656250 0.800000 0.256763 0.310383 0.266081 0.314210
0.687500 0.800000 0.315842 0.317185 0.324657 0.320582
0.718750 0.800000 0.379069 0.325661 0.387173 0.328511
0.750000 0.800000 0.447629 0.336089 0.454757 0.338252
0.781250 0.800000 0.523022 0.348836 0.528851 0.350163
0.812500 0.800000 0.607210 0.364408 0.611350 0.364729
0.843750 0.800000 0.702842 0.383504 0.704795 0.382606
0.875000 0.800000 0.813627 0.407137 0.812623 0.404683
0.906250 0.800000 0.945007 0.436813 0.939452 0.432117
0.937500 0.800000 1.105438 0.474930 1.091356 0.466357
0.968750 0.800000 1.309027 0.525550 1.275950 0.509081
0.998438 0.800000 1.565818 0.592043 1.489703 0.559118
0.000000 0.850000 -1.658446 0.727259 -1.582117 0.692667
0.031250 0.850000 -1.365629 0.636998 -1.338197 0.625568
0.062500 0.850000 -1.150281 0.573377 -1.138759 0.570987
0.093750 0.850000 -0.982246 0.525971 -0.974831 0.527008
0.125000 0.850000 -0.845570 0.489337 -0.838514 0.491701
0.156250 0.850000 -0.730886 0.460327 -0.723296 0.463311
0.187500 0.850000 -0.632248 0.436981 -0.624091 0.440379
0.218750 0.850000 -0.545654 0.418009 -0.537066 0.421760
0.250000 0.850000 -0.468268 0.402520 -0.459364 0.406588
0.281250 0.850000 -0.398011 0.389884 -0.388850 0.394216
0.312500 0.850000 -0.333293 0.379640 -0.323906 0.384172
0.343750 0.850000 -0.272876 0.371446 -0.263281 0.376108
0.375000 0.850000 -0.215753 0.365049 -0.205972 0.369774
0.406250 0.850000 -0.161089 0.360263 -0.151162 0.364991
0.437500 0.850000 -0.108175 0.356951 -0.098145 0.361634
0.468750 0.850000 -0.056371 0.355027 -0.046294 0.359622
0.500000 0.850000 -0.005098 0.354438 0.004968 0.358907
0.531250 0.850000 0.046204 0.355167 0.056198 0.359474
0.562500 0.850000 0.098096 0.357237 0.107953 0.361336
0.593750 0.850000 0.151168 0.360700 0.160805 0.364532
0.625000 0.850000 0.206057 0.365650 0.215374 0.369146
0.656250 0.850000 0.263489 0.372229 0.272353 0.375293
0.687500 0.850000 0.324313 0.380628 0.332548 0.383146
0.718750 0.850000 0.389556 0.391109 0.396936 0.392945
0.750000 0.850000 0.460490 0.404024 0.466733 0.405027
0.781250 0.850000 0.538745 0.419850 0.543508 0.419846
0.812500 0.850000 0.626472 0.439240 0.629325 0.438028
0.843750 0.850000 0.726601 0.463118 0.726950 0.460409
0.875000 0.850000 0.843300 0.492833 0.840085 0.488101
0.906250 0.850000 0.982789 0.530437 0.973663 0.522524
0.937500 0.850000 1.154943 0.579253 1.134025 0.565405
0.968750 0.850000 1.376737 0.645086 1.328922 0.618664
0.998438 0.850000 1.662703 0.733522 1.554129 0.680623
0.000000 0.900000 -1.787051 0.896306 -1.663475 0.832082
0.031250 0.900000 -1.451563 0.774563 -1.405051 0.750364
0.062500 0.900000 -1.212165 0.691351 -1.193042 0.683341
0.093750 0.900000 -1.028981 0.630571 -1.018559 0.628969
0.125000 0.900000 -0.882000 0.584242 -0.873662 0.585139
0.156250 0.900000 -0.759892 0.547913 -0.751612 0.549855
0.187500 0.900000 -0.655661 0.518886 -0.647005 0.521381
0.218750 0.900000 -0.564698 0.495421 -0.555685 0.498317
0.250000 0.900000 -0.483799 0.476341 -0.474525 0.479579
0.281250 0.900000 -0.410636 0.460822 -0.401173 0.464355
0.312500 0.900000 -0.343463 0.448267 -0.333850 0.452038
0.343750 0.900000 -0.280921 0.438242 -0.271177 0.442179
0.375000 0.900000 -0.221917 0.430425 -0.212065 0.434459
0.406250 0.900000 -0.165553 0.424580 -0.155621 0.428643
0.437500 0.900000 -0.111058 0.420541 -0.101084 0.424568
0.468750 0.900000 -0.057757 0.418194 -0.047786 0.422127
0.500000 0.900000 -0.005020 0.417474 0.004887 0.421261
0.531250 0.900000 0.047747 0.418365 0.057526 0.421949
0.562500 0.900000 0.101146 0.420889 0.110722 0.424204
0.593750 0.900000 0.155804 0.425115 0.165082 0.428085
0.625000 0.900000 0.212411 0.431161 0.221270 0.433694
0.656250 0.900000 0.271746 0.439200 0.280031 0.441184
0.687500 0.900000 0.334726 0.449478 0.342241 0.450781
0.718750 0.900000 0.402467 0.462325 0.408964 0.462794
0.750000 0.900000 0.476361 0.478192 0.481538 0.477657
0.781250 0.900000 0.558209 0.497695 0.561688 0.495950
0.812500 0.900000 0.650414 0.521687 0.651692 0.518465
0.843750 0.900000 0.756297 0.551396 0.754576 0.546250
0.875000 0.900000 0.880666 0.588640 0.874363 0.580666
0.906250 0.900000 1.030860 0.636253 1.016302 0.623410
0.937500 0.900000 1.218861 0.698954 1.186985 0.676460
0.968750 0.900000 1.466066 0.785288 1.394226 0.741915
0.998438 0.900000 1.794681 0.904928 1.632955 0.817463
0.000000 0.950000 -1.967485 1.111147 -1.761574 0.990985
0.031250 0.950000 -1.566661 0.941434 -1.486309 0.892622
0.062500 0.950000 -1.292722 0.830421 -1.259586 0.811246
0.093750 0.950000 -1.088676 0.751525 -1.072519 0.744658
0.125000 0.950000 -0.927916 0.692492 -0.917194 0.690646
0.156250 0.950000 -0.796100 0.646803 -0.786710 0.647023
0.187500 0.950000 -0.684682 0.610645 -0.675369 0.611802
0.218750 0.950000 -0.588181 0.581620 -0.578675 0.583315
0.250000 0.950000 -0.502870 0.558140 -0.493184 0.560232
0.281250 0.950000 -0.426096 0.539120 -0.416290 0.541537
0.312500 0.950000 -0.355889 0.523777 -0.346007 0.526462
0.343750 0.950000 -0.290732 0.511553 -0.280802 0.514436
0.375000 0.950000 -0.229428 0.502038 -0.219470 0.505048
0.406250 0.950000 -0.170984 0.494932 -0.161026 0.497992
0.437500 0.950000 -0.114568 0.490023 -0.104643 0.493058
0.468750 0.950000 -0.059441 0.487174 -0.049592 0.490108
0.500000 0.950000 -0.004927 0.486301 0.004788 0.489060
0.531250 0.950000 0.049622 0.487382 0.059134 0.489890
0.562500 0.950000 0.104854 0.490446 0.114073 0.492617
0.593750 0.950000 0.161449 0.495581 0.170267 0.497317
0.625000 0.950000 0.220154 0.502933 0.228434 0.504119
0.656250 0.950000 0.281821 0.512721 0.289386 0.513225
0.687500 0.950000 0.347452 0.525254 0.354085 0.524927
0.718750 0.950000 0.418280 0.540958 0.423713 0.539624
0.750000 0.950000 0.495860 0.560414 0.499752 0.557867
0.781250 0.950000 0.582221 0.584422 0.584131 0.580396
0.812500 0.950000 0.680110 0.614122 0.679374 0.608198
0.843750 0.950000 0.793400 0.651163 0.788816 0.642564
0.875000 0.950000 0.927821 0.698058 0.916823 0.685120
0.906250 0.950000 1.092364 0.758830 1.068950 0.737824
0.937500 0.950000 1.302273 0.840415 1.251965 0.802847
0.968750 0.950000 1.586169 0.956018 1.473678 0.882403
0.998438 0.950000 1.980498 1.123533 1.728110 0.973440
0.000000 0.997500 -2.219099 1.386882 -1.872358 1.164130
0.031250 0.997500 -1.716683 1.141654 -1.578724 1.047794
0.062500 0.997500 -1.393706 0.990904 -1.335956 0.950809
0.093750 0.997500 -1.161643 0.887627 -1.134968 0.870721
0.125000 0.997500 -0.983077 0.812183 -0.967865 0.805234
0.156250 0.997500 -0.839061 0.754760 -0.827680 0.752056
0.187500 0.997500 -0.718801 0.709855 -0.708485 0.709016
0.218750 0.997500 -0.615602 0.674127 -0.605475 0.674199
0.250000 0.997500 -0.525029 0.645419 -0.514881 0.646031
0.281250 0.997500 -0.443990 0.622274 -0.433813 0.623273
0.312500 0.997500 -0.370228 0.603679 -0.360052 0.604975
0.343750 0.997500 -0.302033 0.588902 -0.291890 0.590422
0.375000 0.997500 -0.238063 0.577424 -0.227979 0.579089
0.406250 0.997500 -0.177223 0.568867 -0.167224 0.570593
0.437500 0.997500 -0.118597 0.562961 -0.108715 0.564664
0.468750 0.997500 -0.061373 0.559534 -0.051656 0.561123
0.500000 0.997500 -0.004819 0.558486 0.004676 0.559868
0.531250 0.997500 0.051773 0.559784 0.060970 0.560862
0.562500 0.997500 0.109111 0.563470 0.117909 0.564136
0.593750 0.997500 0.167933 0.569648 0.176213 0.569781
0.625000 0.997500 0.229059 0.578502 0.236664 0.577969
0.656250 0.997500 0.293423 0.590312 0.300159 0.588958
0.687500 0.997500 0.362142 0.605466 0.367767 0.603115
0.718750 0.997500 0.436590 0.624508 0.440802 0.620948
0.750000 0.997500 0.518526 0.648191 0.520924 0.643149
0.781250 0.997500 0.610277 0.677567 0.610286 0.670633
0.812500 0.997500 0.715054 0.714154 0.711689 0.704610
0.843750 0.997500 0.837472 0.760205 0.828790 0.746609
0.875000 0.997500 0.984557 0.819234 0.966272 0.798511
0.906250 0.997500 1.167714 0.897068 1.129930 0.862461
0.937500 0.997500 1.407186 1.004204 1.326620 0.940745
0.968750 0.997500 1.743574 1.161979 1.564130 1.035659
0.998438 0.997500 2.240996 1.405591 1.835671 1.143427
